2.1324
2.1562
1.9834
2.043
2.0949
2.1343
2.1552
2.1755
2.193
1.0266
48.0766
54.9634
72.9932
77.0341
5.583
114.8779
9.2188
419.8466
4.506
240.7507
3.156
10.5781
86.833
1.2496
12.0424
7.8278
3.5685
3.0081
13.7758
75.3312
29.7279
63.8154
75.8595
1.7847
2.1644
1.0769
34.6979
3.1218
1.3096
3.3981
27.1458
17.0756
22.3555
1.5649
2.9093
1.5419
56.4662
2.4286
76.8699
70.0996
8.1609
2.5686
1.5981
9.8531
22.7517
5.1604
13.2157
1.0613
1.0151
10.6673
6.6662
1.9137
24.1502
3.2758
32.5443
66.2035
42.3871
22.4619
412.7338
5.799
8.0098
14.6493
22.7914
2.8187
2.8187
30.7055
2.5907
2.2949
58.5913
20.0031
563.7841
15.0234
1.2174
9.2407
3.1697
28.1369
2.7416
2.2949
1.2496
1.2319
18.4922
23.3697
5.0496
6949.564
4.1745
1.1622
3.3377
1.8339
6.2081
3.2714
3.7491
18.3127
13.0835
1.2496
15.1423
6.5438
673.5919
66.3266
5.8384
4.2241
2.0878
2.2949
7.4562
4.0375
43.0623
6.5894
6.5894
6.5894
6.5894
6.5894
6.5894
6.5894
34.9411
70.2642
561.7466
21.5353
40.3966
3.7181
6.2066
45.339
13.7501
28.8827
13.5259
7.4882
40.396
71.2713
4.8563
1.5955
9.6315
10.99
28.6316
36.9125
19.4368
3.8869
13.6861
4.0765
5.7207
29.6575
72.5328
1.5656
4.8383
5.312
5.4214
4.8337
5.0031
5.8582
8.1119
5.689
14.7378
22.7957
10.9597
5.2827
57.0456
1.1257
3.2848
18.1199
18.1199
1.8533
2.1909
34.9364
3.5857
1.6826
17.4881
16.1308
27.3575
16.1308
1.6046
16.4377
9.4044
3.1999
1.4755
116.9867
9.8432
3.5857
68.8919
85.6443
4.7569
3.7027
2.2949
31.6347
5.8344
6.6624
1.5936
17.6293
5.5678
10.431
14.2698
1.767
91.8371
16.9403
2.1868
1.9658
8.1609
5.1616
17.7797
7.4112
93.2077
6.4678
28.6316
4.3659
14.1321
7.7401
21.4961
4.0986
5.1956
6.1551
58.091
59.2049
18.2316
3.4415
1.8708
6.91
3.9706
39.0225
1.8553
4.2797
12.5825
12.5825
2.392
2.9307
6.4392
4.8624
3.1035
76.612
3.6507
16.0497
2.3201
2.2949
3.9996
2.1437
13.8997
19.3801
133.64
37.4694
21.0876
20.747
4.8368
2.4737
5.1698
11.2938
22.5024
29.9199
27.7485
2.2642
2.2949
27.8304
361.678
1.3121
2.0616
1.5779
34.7011
2.0319
2.2949
1.1133
16.8782
1.0428
114.4859
122.0681
114.4859
20.3874
6.859
79.2733
34.422
63.853
7.1769
13.5476
11.9654
2.8531
2.2949
8.3433
147.842
62.2355
3.115
3.115
3.4063
45.7403
28.2227
28.2227
5.1913
45.4423
45.4423
30.7286
15.1548
18.939
39.6528
83.5158
6.0718
32.696
1.3547
122.3755
137.1503
11.4021
9.8983
11.5901
11.636
4.8507
10.7487
15.4425
7.1815
4.2973
13.9121
1.8651
415.8908
238.5918
224.0504
381.8844
137.312
218.185
224.0504
381.8844
238.5918
2.2949
175.1194
59.0909
62.5824
1.3384
28.1773
10.9906
5.4743
2.3324
3.1177
40.738
1.2687
2.2141
2.8225
2.3235
1.9407
34.5367
8.165
60.7186
9.3295
32.314
9.3295
1.7566
1.7
1.6971
2.5215
1.7776
2.4153
1.8472
1.8125
2.6195
1.8861
2.502
4.4341
13.7041
11.9674
10.822
30.4357
3.291
1.5684
1.4842
1.7732
1.7916
29.6515
29.6515
28.4028
28.4028
50.8041
7.4772
2.2949
4.4534
2.6205
1.2496
1.0749
1.3417
1.0749
1.4122
8.2459
10.1025
2.0015
3.6939
1.1773
1.0227
8.7693
13.9838
1.0269
1.3512
2.9004
1.5424
32.5572
7.3698
1.6874
116.2843
2.2949
6.1057
7.3898
5.1367
55.9114
52.8595
2.2943
10.8914
13.739
13.739
539.0374
95.5589
9.3295
9.3295
10.3099
64.9313
5.9188
80.4419
197.6979
13.4358
28.5797
6.6707
24.6709
12.1102
2.1576
6.8026
2.4347
2.4036
6.3779
1.6615
47.4944
7.399
9.8599
47.4944
5.5433
91.7365
9.6041
17.4466
1.8772
27.4401
5.0926
10.1379
6.4102
496.7785
5.2939
128.8312
2.3411
1.1083
74.6082
129.8316
3.9211
7651.8518
24.8507
4.0311
79.0629
1.9976
2.2949
11.9185
2.5472
2.5472
8.4966
3.8667
63.3528
34.368
10.9664
2.6417
10.9565
3.7201
49.1146
13.5028
2.8047
430.6893
7.175
32.8486
5.1139
3.0328
9.691
9.0507
2.6037
2.2889
5.4889
5.8539
7.321
46.6676
23.6246
18.1862
10.494
20.4256
1.8088
2.555
2.555
11.1411
94.1941
2.2104
75.3026
17.489
17.489
17.489
17.489
17.489
17.489
17.489
10.1852
10.4534
10.2938
10.3214
10.1923
290.1161
104.097
104.097
11.1639
200.405
53.586
53.586
1.3333
1.6308
46.8969
60.263
26.3116
26.3116
33.7834
15.7341
86.833
5.3244
6.2368
13.7758
58.1563
17.4059
4.2441
4.2441
2.7485
66.7956
2.5686
23.7078
6.6122
45.7854
14.1808
29.4997
1.5983
1.0029
23.3697
2298.078
1.3935
57.089
33.8369
7.7004
36.4122
4.8563
10.99
3.7891
23.9317
32.9778
14.7378
4.303
2.4696
1.2278
2.8998
146.8565
9.8432
3.619
1.5936
406.2429
87.198
2.1481
1.7747
4.4814
4.8624
1.0446
12.8869
2.6281
133.64
12.8347
20.1169
14.1651
8.5978
1.3121
3.7891
6.1427
13.5476
11.9654
8.3433
28.2227
32.696
125.6935
26.3404
212.7404
1.2445
3.1486
2.7576
2.2709
2.4946
140.6733
2.1176
17.4075
2.1497
5.4968
2.408
1.2182
1.6173
2.6205
8.7693
2.1818
9.2456
5.4323
12.441
44.0064
197.6979
14.2856
13.1627
2.3901
1.6483
8.1253
10.3064
6.4391
2.5189
2.4339
2.3665
378.4581
16.6506
10.9565
1.2496
13.5028
1.6173
2.6037
6.7386
23.7105
1.442
15.0271
15.0271
15.0271
15.0271
15.0271
15.0271
15.0271
64.5533