54.78
54.78
54.78
54.78
54.78
54.78
54.78
54.78
54.78
54.78
54.78
54.78
54.78
54.78
54.78
54.78
54.78
54.78
54.78
54.78
54.78
54.78
54.78
54.78
29.63
16.61
16.61
16.61
16.61
16.61
16.61
16.61
16.61
16.61
16.61
16.61
16.61
16.61
26.03
26.03
26.03
26.03
26.03
26.03
26.03
26.03
26.03
26.03
26.03
26.03
26.03
43.04
43.04
43.04
43.04
43.04
43.04
43.04
43.04
43.04
43.04
43.04
43.04
51.48
24.81
34.15
15.8
39.35
31.42
47
18.29
42.97
18.29
8.53
41.47
92.73
92.73
42.68
13.51
61.43
68.81
68.81
42.59
23.12
23.12
23.12
20.41
50.34
50.34
45.78
21.34
45.13
39.03
46.38
21.34
45.13
42.26
39.03
46.38
39.03
38.37
33.97
46.38
27.76
27.76
27.76
27.76
27.76
27.76
27.76
27.76
37.18
50.41
24.81
56.69
41.08
17.18
37.05
50.66
28
32.68
51.74
38.88
51.74
51.74
36.35
49.38
36.35
21.34
21.34
42.26
47.97
71.37
97.52
97.52
39.99
36.39
21.86
43.1
40.06
28
71.05
51.31
42.85
51.74
41.93
39.84
28
34.89
34.89
51.71
51.74
41.93
13.74
28
34.2
43.4
54.94
54.94
54.94
50.69
51.74
50.66
44.06
30.12
41.79
32.45
38.78
57.31
117.48
23.13
30.99
76.25
39.35
39.33
17.61
50.66
46.7
31.06
54.28
48.12
42.59
59.84
21.28
88.76
40.93
76.99
33.72
53.95
30.2
32.73
51.74
41.93
38.06
24.03
24.03
46.84
23.12
13.78
13.78
13.78
13.78
13.78
29.15
43.65
30.42
29.15
29.15
29.15
29.15
29.15
29.15
29.15
48.42
23.68
21.28
29.88
38.65
22
22.49
66.84
66.84
28.27
30.75
17.7
46.42
13.36
35.82
37.07
40.06
30.38
30.38
13.36
38.58
27.28
56.72
31.72
35.14
26.96
24.22
17.3
22.95
22.96
16.1
42.02
68.81
27.69
27.69
27.69
27.69
27.69
27.69
27.69
27.69
27.69
27.69
27.69
27.69
27.69
22
66.24
8.53
8.53
46.11
28.28
61.43
61.43
61.43
61.43
61.43
61.43
61.43
61.43
61.43
61.43
38.31
35.47
37.9
40.93
34.12
54.42
49.28
141.84
50.66
48.87
32.01
45.01
36.8
36.8
36.8
36.8
36.8
35.37
44.92
53.89
28.28
32.43
31.8
43.18
32
36.96
35.76
22.37
22.37
22.37
80.16
66.49
49.38
48.43
44.99
22.49
47.38
43.18
29.33
28
52
51.74
41.93
28
49.66
48.47
55.99
29.51
51.74
50.66
45.45
52.33
28
76.25
14.22
11.09
11.09
56.72
27.81
51.74
51.74
17.81
17.81
20.52
57.63
39.94
38.55
52.71
18.87
31.72
35.16
28.75
48.42
55.83
82.4
20.41
42.59
22
33.22
22.09
29.88
29.88
36.07
37.55
35.11
90.48
44.06
13.17
28
51.74
41.93
46.38
33.61
28.35
18.22
11.09
11.09
46.56
33.59
42.14
39.26
20.75
42.59
79.95
23.57
33.52
28.62
28
51.74
41.93
36.13
56.69
52.44
35.14
39.04
24.21
24.21
64.23
36.42
36.42
43.04
34
27.72
19.14
30.52
51.07
53.02
53.92
41.99
36.63
28
51.74
41.93
36.13
12.67
56.72
43.06
30.12
28
51.74
41.93
36.24
36.24
36.24
36.24
36.24
36.24
36.24
36.24
43.04
50.66
24.33
31.63
42.56
8.53
88.49
88.49
34.15
34.15
34.15
34.15
34.15
34.15
34.15
34.15
54.16
45.37
17.05
24.47
41.94
24.28
28
85.01
37.19
37.19
58.06
58.06
51.74
41.93
31.06
28.57
39.82
39.82
39.82
33.73
47.08
47.08
27.72
88.49
88.49
24.81
33.1
33.1
90.94
22.84
13.64
44.49
32.88
21.79
29.23
53.78
46.26
61.56
11.28
11.28
11.28
11.28
11.28
11.28
11.28
11.28
11.28
45.36
84.36
22.24
23.44
22.24
31.19
28.76
84.36
27.06
27.06
27.06
27.06
27.06
27.06
27.06
27.06
27.06
27.06
27.06
27.06
21.32
21.32
21.32
21.32
21.32
21.32
21.32
21.32
21.32
50.66
36.68
29.88
29.88
35.41
41.29
26.96
27.4
39.04
43.6
26.51
43.6
20.49
57.33
28
23.27
129.63
28.16
129.63
28.16
54.78
54.78
54.78
54.78
54.78
54.78
54.78
31
39.35
37.05
24.18
34.5
24.18
54.78
54.78
54.78
54.78
54.78
54.78
54.78
54.78
54.78
54.78
54.78
54.78
54.78
54.78
54.78
47.82
62.12
41.18
24.88
25.65
25.93
49.44
49.44
54.78
54.78
54.78
54.78
54.78
54.78
54.78
17.76
17.76
17.76
17.76
17.76
17.76
17.76
17.76
17.76
17.76
17.76
17.76
17.76
17.76
21.28
21.28
21.28
21.28
21.28
21.28
21.28
28
23.61
51.74
41.93
44.06
56.5
42.1
42.1
42.1
42.1
42.1
42.1
42.1
42.1
42.1
42.1
42.1
42.1
42.1
42.1
42.1
42.1
42.1
42.1
42.1
42.1
42.1
26.79
28.35
64.17
55.83
55.83
42.97
36.78
103.32
42.46
80.16
77.26
77.26
42.46
31.58
39.35
16.38
87.24
45.18
22.53
36.9
14.82
32.25
11.93
143.37
25.86
28
129.63
54.31
51.74
35.57
46.74
28.29
28.29
28.29
28.29
28.29
28.29
28.29
41.29
30.48
27.91
27.91
27.91
27.91
27.91
27.91
27.91
52.1
52.1
19.6
35.92
24.18
24.18
52.51
40.05
28.28
34.12
16.97
22.55
18.62
85.17
85.17
85.17
85.17
24.76
23.89
21.09
41.47
44.14
28
29.32
55.03
51.74
41.93
31.37
38.99
28.65
18.98
42.25
41.57
42.25
42.25
42.25
43.4
35.92
53.48
51.01
50.66
13.83
30.55
29.66
36.27
19.09
16.61
37.5
21.32
20.8
31.26
38.78
37.02
64.94
64.94
35.84
53.78
29.31
59.14
18.38
36.32
28
55.03
51.48
51.74
41.93
44.58
71.57
71.57
30.25
34.37
21.84
28.29
33.65
33.65
28
43.46
43.46
27.99
51.74
29.66
32.73
29.88
29.88
28
44.01
44.06
36.27
53.01
8.53
43.82
48.87
38.28
48.03
50.33
38.03
16.09
30.4
30.4
28.35
36.88
47.77
33.92
49.45
42.26
49.45
24.03
38.99
28
39.02
22.88
46.09
22.96
27.65
28
51.74
41.93
42.59
20.75
20.75
33.73
30.88
37.93
47.56
18.4
23.58
36.8
36.8
36.8
36.8
36.8
36.8
36.8
36.8
20.75
20.75
20.75
20.75
20.75
20.75
20.75
50.03
59.24
59.24
59.24
59.24
59.24
59.24
59.24
18.53
24.82
24.82
22.23
24.5
15.75
15.75
23.63
18
24.8
65.94
39.82
63.39
28
39.17
39.17
26.03
26.03
26.03
26.03
26.03
26.03
26.03
26.03
34.15
42.97
8.53
92.73
92.73
42.68
42.59
23.12
20.41
50.34
50.34
37.18
17.18
32.68
38.88
36.35
49.38
43.1
51.31
39.84
43.4
44.06
30.12
32.45
21.28
24.03
24.03
23.12
30.42
22
22.49
17.7
37.07
13.36
56.72
30.12
22.96
38.31
54.42
49.28
45.01
35.37
53.89
49.38
44.99
22.49
47.38
48.47
29.51
14.22
56.72
27.81
22.09
44.06
46.56
42.59
79.95
36.13
56.69
24.21
24.21
36.42
36.42
36.63
36.13
56.72
30.12
31.63
8.53
37.19
37.19
31.06
33.1
11.28
11.28
11.28
11.28
11.28
11.28
11.28
11.28
45.36
22.24
28.76
84.36
36.68
41.29
23.27
129.63
28.16
28.16
24.18
47.82
62.12
41.18
25.93
49.44
49.44
44.06
56.5
42.97
77.26
77.26
45.18
25.86
35.57
46.74
52.1
52.1
24.76
23.89
44.14
29.32
28.65
51.01
30.55
36.27
19.09
37.5
59.14
71.57
71.57
28.29
27.99
51.74
32.73
44.01
44.06
8.53
16.09
36.88
24.03
22.96
37.93
47.56
59.24
59.24
59.24
59.24
59.24
59.24
59.24
28